- OS: Windows-10-10.0.22631-SP0 10.0.22631
- Python: 3.11.2
- Stable-Baselines3: 2.3.2
- PyTorch: 2.3.0+cpu
- GPU Enabled: False
- Numpy: 1.26.4
- Cloudpickle: 3.0.0
- Gymnasium: 0.29.1
